# Q [m3/sec]  VH_TRF_ADU SPU_TRF_ADU VH_TRF_JUV SPU_TRF_JUV VH_BAF SPU_BAF VH_CHA SPU_CHA VH_GOU SPU_GOU
1.000000000000000000e+00 2.492633276023310807e-01 6.609511051625942173e+02 4.061761013325275171e-01 1.077023827165891134e+03 1.193537778416419032e-01 3.164806156147384399e+02 2.376232577688212610e-01 6.300860874536829215e+02 6.389292823292478385e-01 1.694196331800515736e+03
2.850000000000000089e+00 2.625856471243709911e-01 7.971476776969197999e+02 3.618950927125696992e-01 1.098627574983559725e+03 1.776213461120588755e-01 5.392162333060256287e+02 2.811814928846573802e-01 8.536002501240842548e+02 5.988078363168073404e-01 1.817838413234268955e+03
4.700000000000000178e+00 2.584326156651232109e-01 8.369121360465716180e+02 3.193208539374664534e-01 1.034093538329984767e+03 2.236439952967604894e-01 7.242521356527863645e+02 2.899310556243457349e-01 9.389171658705420214e+02 5.621666118841420756e-01 1.820528955894925275e+03
6.550000000000000711e+00 2.495364858871793323e-01 8.435038055304593172e+02 2.818013568443881733e-01 9.525681827921459899e+02 2.618372112314824030e-01 8.850837316154796781e+02 2.871962788917011289e-01 9.708045431434979946e+02 5.288115849554344550e-01 1.787532523481048884e+03
8.400000000000000355e+00 2.388762594851905341e-01 8.338392379279739544e+02 2.490507159316401598e-01 8.693549523314175076e+02 2.942131121645116809e-01 1.027002171602922772e+03 2.791771424239995469e-01 9.745164973171780503e+02 4.982341772651811551e-01 1.739173275635730988e+03
1.025000000000000000e+01 2.275965271932156864e-01 8.151581580205562432e+02 2.204669212062782824e-01 7.896228102039773376e+02 3.220025688998380820e-01 1.153282188350119441e+03 2.684879502039835275e-01 9.616145977183343803e+02 4.700418212662502149e-01 1.683498557474674271e+03
1.210000000000000142e+01 2.162322039826992115e-01 7.912350694948430601e+02 1.954732249020393886e-01 7.152739871352420096e+02 3.460577859454990191e-01 1.266291751499356906e+03 2.564607367775299518e-01 9.384389797141561758e+02 4.439336317818848854e-01 1.624438226704389535e+03
1.395000000000000107e+01 2.050585310902167946e-01 7.642665935352847555e+02 1.735687996938205802e-01 6.469022994592845635e+02 3.670103362604889563e-01 1.367871592538806908e+03 2.438466084478061180e-01 9.088323016492555553e+02 4.196718575189127831e-01 1.564144535920296448e+03
1.580000000000000071e+01 1.942231185618632505e-01 7.356214493015340850e+02 1.543283829319166411e-01 5.845198530502348149e+02 3.853486137740124717e-01 1.459510628033119929e+03 2.310945556765865994e-01 8.752722808245790702e+02 3.970631528600235272e-01 1.503879528523234058e+03
1.765000000000000213e+01 1.838048052166866009e-01 7.061911662024765519e+02 1.373922360193027825e-01 5.278707663124193914e+02 4.014613387092248464e-01 1.542443085935910176e+03 2.184816632841009576e-01 8.394221272211275391e+02 3.759465617708948604e-01 1.444413493835564168e+03
1.950000000000000000e+01 1.738430197385971709e-01 6.765733175029251925e+02 1.224554620607056082e-01 4.765799532091913875e+02 4.156643717209480560e-01 1.617709030629383733e+03 2.061809245930658341e-01 8.024280317237238478e+02 3.561855691542265001e-01 1.386225645019891545e+03
2.135000000000000142e+01 1.643536588090477590e-01 6.471752980383611202e+02 1.092586852582336093e-01 4.302278556355705632e+02 4.282183866522563109e-01 1.686195269489941211e+03 1.942994497950951971e-01 7.650928202086848842e+02 3.376626458177028889e-01 1.329613986247706180e+03
2.320000000000000284e+01 1.553382069130158916e-01 6.182768178866691642e+02 9.758034245885766067e-02 3.883890822657533590e+02 4.393411202424609141e-01 1.748664640775590215e+03 1.829013046466216041e-01 7.279834038998303640e+02 3.202753740969671581e-01 1.274759398085618614e+03
2.505000000000000071e+01 1.467892204885553054e-01 5.900693872280178311e+02 8.723040461719916427e-02 3.506523927902176752e+02 4.492162003044050111e-01 1.805777884536046940e+03 1.720217995984506254e-01 6.915003536436972809e+02 3.039336116677137656e-01 1.221764918417486342e+03
2.690000000000000213e+01 1.386937442220010364e-01 5.626822420848536694e+02 7.804527223934008828e-02 3.166306383470499668e+02 4.579997072362556043e-01 1.858110497971706536e+03 1.616767562279466941e-01 6.559246071093979253e+02 2.885573601579451974e-01 1.170680792378543629e+03
2.875000000000000000e+01 1.310354972994076939e-01 5.361999084890410359e+02 6.988361116862366884e-02 2.859651520830234972e+02 4.658251734822545509e-01 1.906166043101708510e+03 1.518686898657131690e-01 6.214497543538077480e+02 2.740751265985305052e-01 1.121520968211097625e+03
3.060000000000000142e+01 1.237963007336026211e-01 5.106744125827877951e+02 6.262293712294510206e-02 2.583270375605688400e+02 4.728074710184412277e-01 1.950386854019764769e+03 1.425910290365911548e-01 5.882048943411699611e+02 2.604226386428951656e-01 1.074274249102192016e+03
3.245000000000000284e+01 1.169570221451917136e-01 4.861339523028649978e+02 5.615679749129742077e-02 2.334167321670164483e+02 4.790458855701301699e-01 1.991162782834305062e+03 1.338310469640695832e-01 5.562711379630333113e+02 2.475418196784388569e-01 1.028911996503579758e+03
3.430000000000000426e+01 1.104982060149694162e-01 4.625891669167432951e+02 5.039243196468260605e-02 2.109626387806984269e+02 4.846265823305693776e-01 2.028838431599840305e+03 1.255719265877613955e-01 5.256937194120026788e+02 2.353799588209045390e-01 9.853935460735789320e+02
3.614999999999999858e+01 1.044004946913175830e-01 4.400377378112954716e+02 4.524881950815378556e-02 1.907192895385342695e+02 4.896246074932081860e-01 2.063719193046820692e+03 1.177942301492692634e-01 4.964910052904020290e+02 2.238890297335796031e-01 9.436700703001896500e+02
3.800000000000000000e+01 9.864490785895432823e-02 4.184678067473784608e+02 4.065503915196619356e-02 1.724653145956361300e+02 4.941055297587910733e-01 2.096076339141147855e+03 1.104769522338234777e-01 4.686612710260285439e+02 2.130251249637932498e-01 9.036873647157335654e+02
